-0.00206613
-0.00142361
-0.00550091
-0.00166805
-0.00147907
-0.00142524
-0.00306565
-0.00284643
-0.00278408
-0.00169144
-0.00551816
-0.00112114
-0.00230234
-0.00159899
0.000955752
0.00114017
-0.000384508
0.000512925
0.00272961
0.000994654
-0.000731642
-0.000112419
0.00116839
-0.000244469
-0.000811783
0.00166651
0.00040138
7.3976e-05
-0.000864108
0.00082095
0.00125989
-0.00133561
-7.91965e-05
0.000395913
-0.000455034
4.68529e-05
0.0012681
0.000283926
-0.0106298
0.022834
-0.00132845
0.00244279
1.90947e-05
0.000621562
0.00297034
-0.00681696
0.000494081
0.00130697
0.00124777
0.00133719
-0.000405389
0.00087783
0.00234856
0.00101883
-0.000102836
0.00072076
0.000508532
0.000311603
0.000586472
0.000673108
0.000122031
0.00105925
-0.000517878
-0.00195455
-0.00237415
-0.00271325
-0.00405803
-0.00477804
-0.0106435
-0.00266278
-0.00657803
-0.00254198
-0.00177622
-0.00254885
0.000382584
-0.00065935
-0.00160721
-0.00075776
0.00245209
-0.0016131
-0.00118568
-0.00658597
0.000853402
-0.0021027
-0.000174216
-0.00208236
-0.000341102
-0.00205319
-0.000452304
-0.00144263
-0.00235898
-0.00105856
-0.00120207
-0.0011054
-0.00128057
-0.00161998
-0.000617797
9.03075e-05
0.000215179
-0.00255555
-0.00104205
-0.00166295
-0.000524298
-0.0017428
-0.000724664
-0.00285882
-0.000559572
-0.000639029
0.000394467
-0.000671771
-0.00124985
-0.00106019
0.00247301
-0.00131167
0.000661626
-0.00384083
-0.000286754
-0.00204833
-0.000153103
-0.00173076
-4.50545e-05
-0.00201618
-0.00125477
-0.00242732
-0.00407481
-0.00053327
-0.00285224
-0.000630116
-0.00457619
0.000984918
-0.00122234
-0.00148734
0.00113783
-0.000415609
-0.000718211
-0.000688539
0.00391967
-0.000395762
-0.000821255
-0.001587
0.00094732
-0.00135307
0.000140138
-0.00134396
-6.41283e-05
-0.00126998
-0.000931373
-0.000658898
-0.000810644
-0.00140068
4.47644e-05
-0.00136396
-0.000280693
-0.00141375
0.0011045
-0.000609831
0.000544422
-0.00130508
-0.000220363
-0.00131008
-3.70778e-05
-0.0010451
-0.000657373
-0.00150363
0.00061151
-0.000664074
0.00141907
-0.000775423
0.000176155
4.63502e-05
0.00359508
-0.00111317
0.000315528
-0.00171017
0.000323887
-0.00139812
0.000512795
-0.00119425
0.000136153
-0.000953716
-0.00423254
-0.00181688
-0.00306776
-0.0019893
-0.00571096
-0.00120806
-0.000913773
-0.00204511
0.000397553
-0.000256742
-0.00116311
-0.000407981
0.00242057
-0.000280296
-0.0011159
-0.00135722
2.67278e-05
0.000142344
-0.000208487
-0.000396516
0.000101673
-0.00115907
-0.00108264
-0.000460611
-0.00105921
-0.00137325
-0.000442511
-0.000915547
-0.000785373
-0.00101551
0.000365598
-0.000185276
0.000448832
-0.00230223
-0.000862196
-0.000753943
-7.72775e-05
-0.000653388
-0.000968999
-0.000797498
0.000124684
-6.45142e-05
-0.00306091
-0.000134576
-0.000828905
-0.000306584
0.00314398
-0.000619759
7.16643e-05
-0.000706419
0.000198019
-0.000940459
0.000113587
-0.000752837
0.000363924
-0.000833475
-0.0182708
-0.00351824
-0.0525006
-0.00320743
-0.000219199
-0.00347933
0.00614048
-0.00442358
-0.00510155
0.000907994
0.0018599
-0.000489809
-0.00130361
-0.00187129
0.000578399
-0.00186213
-0.000541216
-0.00256711
-0.000507911
-0.00126132
-0.00113663
-0.000653142
-0.00861288
0.001019
0.00176635
-0.00332149
-0.000777249
-0.00157553
0.00429586
-0.00323118
0.00312154
-0.00533593
-0.00107189
-0.00144569
-0.00049207
-0.00121516
-0.00070424
-0.00260401
-0.000443876
-0.000384126
0.000921607
-0.000898012
-0.000730419
-0.000326085
0.002265
-0.000334538
1.88224e-05
-0.00228325
9.27425e-05
-0.00150067
0.000123543
-0.00109217
0.000558768
-0.00184857
-0.00728298
-0.00108169
-0.00134319
-0.00284344
0.00098375
0.000814789
-0.00110491
-0.000249618
0.00288052
6.14781e-05
-0.00114212
-0.000488149
0.00103245
-0.000456833
2.88073e-05
-0.000332109
-0.00031841
-0.000253267
0.00114274
0.00133684
-0.00483832
0.00128815
-0.000244438
-0.00026078
-0.000712702
-0.00027179
0.00111669
0.000280618
-0.000672184
-0.000495044
-0.000267039
-0.000456543
-0.00045913
-5.0786e-05
-0.00112788
0.000127369
-0.00493386
0.00316853
0.00104218
0.000324676
-0.000535563
0.000599873
0.00355017
-0.000128996
-0.000880759
0.000148285
9.18178e-05
-0.000437103
0.000193452
-8.07786e-05
-1.59578e-05
0.000329799
0.000636931
-0.00488471
0.00140273
-0.00213037
-0.000665844
-0.00267431
0.0033611
-0.00234557
-0.00092893
-0.00323493
0.00123929
-0.00284073
0.000451855
-0.00266459
0.00128113
-0.00127364
-0.000513412
-0.00194593
-0.000990644
-0.00294373
-9.73729e-05
-0.00280443
-0.000405444
-0.00260499
0.00138891
-0.00231889
0.000851407
-0.00246742
0.000163205
-0.00266612
-0.000206474
-0.00215401
-0.00040285
-0.00220988
0.0005212
-0.00225519
0.00149539
-0.00211054
-0.000467502
-0.00165733
0.00374729
-0.00267245
0.000433147
-0.00257801
0.000484302
-0.0025524
0.00187061
-0.00138546
0.00091424
-0.00241043
0.00476874
-0.000449283
-0.000968419
0.00158426
0.00318648
0.00183846
-0.000822946
0.000726317
0.00174495
0.000810871
0.000186118
0.000847098
0.000416516
0.00112682
-0.000381057
0.00184858
-0.00652491
0.00316024
-0.000744089
0.00179479
-0.000333364
0.00141108
0.00169563
0.00175951
0.000360259
-0.00229132
0.000652378
0.000276589
0.000137684
0.00151905
-0.000514737
0.00162558
0.000964018
0.00192705
0.00156919
0.00285958
-0.00048531
0.0027624
0.00426224
0.00128076
0.000824394
0.00122941
0.00155399
0.00304161
0.000617488
0.0019017
0.00106919
0.00146919
-0.00051935
0.000168503
0.00725227
-0.000736869
-0.0015928
-0.000836399
-0.000611808
-0.00301057
-0.00193716
-0.00113154
0.00060498
-0.00119835
-0.00473564
-0.000663692
-0.000262301
0.000159083
0.000429839
0.000546798
5.23375e-05
0.00081446
0.00153057
0.00177077
0.00138891
0.000958973
-0.000610074
0.00275196
0.000940124
0.00106829
0.000198177
0.00102043
0.0010575
-0.000713219
0.00178386
0.00111378
0.000234954
0.000830146
0.00367115
0.000745206
0.00477971
-0.00805753
0.000967965
0.000276279
0.00131847
0.000713366
-0.000365654
0.00349292
0.0133967
-0.000875248
-0.00194366
-0.00211621
-0.00155574
-0.00394163
-0.0102551
-0.00139667
-0.000814852
-0.0020448
-0.00406169
-0.00143112
-0.000374652
-0.00118204
0.00017848
-0.00114574
-0.000247157
-0.00120916
0.00195343
-0.00492929
0.000639836
-0.000976978
-0.000218317
-0.00126132
0.000166323
-0.00081884
-0.000206889
-0.000528062
0.00077837
-0.000570305
0.00150658
-0.000645522
-0.000139249
-0.000812612
0.00378511
-0.00105805
0.000107624
-0.00019351
0.000309084
-0.00139197
0.000674438
-0.00111184
0.000857011
-0.00163185
-0.00183202
0.010398
-0.00143688
0.0119593
-0.00228453
0.0122004
0.000305771
0.013171
-0.00396489
0.0117821
-0.000428785
0.00230438
-6.70315e-06
0.00256672
9.2817e-05
0.00338249
0.00139387
0.00327474
0.00125263
0.00259927
0.000405383
0.00233832
9.41183e-05
0.00305096
-0.000422929
0.00291863
0.000540158
0.00320202
0.00138262
0.00317683
-0.000508726
0.00334669
0.00359961
0.00278994
0.0010619
0.00242583
0.000626324
0.0023291
0.000731787
0.00287085
0.0011974
0.00248458
-0.00225327
-0.0028537
-0.0031232
-0.00266286
-0.000577594
-0.00252724
-0.00395532
-0.00223173
-0.00142088
-0.0016724
-0.000735796
-0.00118842
-0.00111226
-0.00128161
0.000328227
-0.000412595
0.000430201
-0.00342949
-0.000310125
-0.00287242
-0.000649878
-0.000908626
-0.00125114
-0.00132784
0.000231119
-0.00083408
0.000425288
-0.000422349
-0.00111753
-0.000841679
0.00298399
-0.00125918
-0.00094514
0.000670177
-8.70624e-05
-0.00262668
-7.99363e-05
-0.0012897
0.000293988
-0.00171444
-0.0166367
-0.00170241
-0.0402352
-0.00173962
-0.00346662
-0.00140627
-0.0021744
0.00102756
-0.000539675
0.000578155
-0.00144118
0.00108671
0.000502082
0.00149635
3.43362e-05
0.000163406
-0.0047589
0.00119204
-0.000802213
0.000922732
-0.00118318
0.000972355
0.00753691
-0.00295695
-0.00326216
0.00421332
-0.000695511
0.00143677
0.00497472
-0.000380489
0.000345232
-0.00235162
-0.0012052
0.00117922
-0.000308061
0.000943637
-0.00125907
0.00108516
-0.00215703
-0.00176285
-0.00412944
-0.00249362
-0.00112538
-4.54056e-05
-0.000717746
0.000347194
-0.00095261
8.09204e-05
0.0011702
0.000299352
0.000181367
0.000312199
-0.000501229
-3.63374e-05
-0.000623205
0.000308183
0.000669624
0.00132847
6.01246e-05
0.000292854
0.00027872
0.00102956
-0.000896208
0.00102099
0.00349673
8.00453e-05
-0.00114507
6.33307e-05
-0.00019107
-0.000286077
-5.33685e-05
0.000206275
0.000176658
-0.00039038
-0.00306253
0.000263208
-0.00119474
-0.000248002
-0.000673522
3.43544e-05
-0.000825258
-0.000447047
0.00102809
-0.000125358
0.000103507
0.000186147
-0.000591426
-0.000176875
0.000453408
0.00125581
-0.000825586
-0.000176281
-0.00022633
0.000861984
0.000742555
0.000636702
-0.000978222
0.00043069
0.00297406
0.000200832
-0.000151311
-0.000188442
-0.000254392
-0.000421512
0.00010211
-0.000350516
0.000270227
-0.000172536
-0.00310183
0.000102942
-4.07409e-05
-0.0011577
-5.61733e-05
-0.00140672
0.00131351
-0.000572324
0.000300321
-0.000401818
0.00027484
-0.0021257
0.000337709
-0.00107353
-0.000154809
-0.000784046
-0.00122105
0.000267279
0.000682485
-0.000223126
-6.4447e-05
-0.000562602
0.0043273
-0.00177795
0.00185021
-0.00353855
0.000667781
-0.00163902
0.000770584
-0.000927402
0.00138538
-0.00150741
-0.000479646
-0.00319206
-0.00239229
-0.0037566
0.000483374
-0.00270393
-0.00135781
-0.00580589
-0.00287704
-0.00364617
-0.00210378
-0.00291855
-0.00559535
-0.00366826
0.000271735
-0.000725218
0.00038244
-0.000348235
-0.000533464
-0.00101413
0.00335914
-0.00114165
-8.29081e-05
-0.000916316
0.00104891
-0.00524269
2.10236e-05
-0.00103289
0.000157785
-0.00102729
0.00268457
-0.000754632
-0.000420389
-0.000647744
-0.00246089
-0.00321704
-0.0106529
-0.00092583
-0.00311657
-0.000894713
-0.0044842
-0.00134169
0.000193129
0.000254246
0.000831978
0.000294949
-0.000802555
0.000129209
0.00340255
-0.00439632
0.000509871
-0.000450674
-0.000124067
-0.000293249
0.00038941
-0.000245164
0.000952808
-0.000100706
0.00036047
0.00120757
-0.00246678
0.00232105
-0.00283717
0.00218035
-0.00184986
0.00385911
-0.00446195
0.00134358
-8.76283e-05
3.95303e-05
0.000726243
-0.00011771
-0.000460715
0.000590062
0.00310255
-0.000511466
0.000887488
-0.00158759
-9.86331e-05
-0.000866051
0.000351229
-0.000687535
0.000452178
-0.000651276
-0.00208449
-0.000150163
-0.00235485
-0.000484391
-0.00174472
0.000560027
-0.00366164
0.000263041
-0.000221589
0.00136905
0.00159426
0.000715969
0.00012856
0.00082376
0.00410859
0.000488134
0.00155583
-4.21319e-05
0.000345726
0.000838244
0.000991514
0.000993923
0.00135942
0.000659781
-0.017253
-0.00233871
-0.0396116
-0.00175744
-0.00182594
-0.000876283
0.000448907
0.000876358
-1.41613e-06
0.00194656
-0.000572749
0.00093669
0.00354804
0.0006309
4.31129e-05
-0.000127581
0.000408903
-0.000790577
0.000364465
0.000464619
0.000667346
0.000448386
-0.00423619
-0.00100338
-0.00440288
-0.00306574
0.000337298
0.000192099
0.00107505
0.000261058
-0.0008459
0.000581761
0.00316507
0.000182136
0.00021784
-0.000413021
2.33119e-05
-0.000560305
0.000170149
-4.18571e-05
0.00224184
0.00105329
-0.00255941
-0.00208109
0.000563351
0.000522201
0.00133821
0.000542629
-0.000629102
0.000559222
0.00338745
6.12984e-05
0.000322438
-0.000533226
0.000135862
-0.000509513
0.00188772
0.000598899
0.000790803
-0.000351786
-0.0016285
0.00102268
-0.000522723
0.000605282
-0.000384978
-0.000535131
0.00331285
-0.000810307
-0.00231348
-0.00020969
0.00055113
-0.00146683
0.000637131
-0.000956643
0.000802501
-0.00069825
0.00159306
-0.000805005
-0.0016018
-0.00109189
0.00309192
-0.00121239
-0.000788817
-0.00385541
-0.00215113
-0.00211931
0.000759801
-0.00179296
-0.00291522
-0.00209729
0.00291278
0.00198552
0.0024447
0.000467529
-0.00167377
-0.00153696
-0.00960402
0.000394961
-0.000133588
5.62406e-05
-0.0021268
0.000113591
0.00326598
0.000413643
-0.00109548
0.00184174
-0.00152644
0.00158052
0.00196643
0.00242417
-0.00146061
0.00113992
-0.00201217
0.00162276
-0.00261161
0.00159161
0.000398546
0.00192056
-0.00205954
0.00181581
-0.0125945
-0.00254199
-0.0308513
-0.00217442
-0.00198285
-0.00212784
-0.0016718
-0.00187923
-0.00292085
-0.00297602
-0.00173755
0.000288156
